0.678949
0.985747
0.946519
0.527898
0.231711
0.325932
0.575992
0.616988
0.670120
0.170923
0.120728
0.688167
0.580771
0.577566
0.356037
0.275658
0.951196
0.793162
0.378919
0.926399
0.096474
0.517268
0.540734
0.906974
0.163550
0.844835
0.688433
0.985028
0.417891
0.811539
0.556208
0.924232
0.356825
0.129286
0.977189
0.120178
0.721899
0.609671
0.214656
0.486554
0.008478
0.168908
0.149052
0.308730
0.107221
0.073170
0.133761
0.613367
0.224877
0.992770
0.960514
0.471336
0.389975
0.402314
0.793394
0.136140
0.274516
0.197391
0.956356
0.615962
0.080878
0.042963
0.738278
0.044774
0.132184
0.761154
0.635583
0.432479
0.045747
0.984312
0.737082
0.177652
0.897548
0.711013
0.898822
0.276108
0.238590
0.317037
0.416401
0.877199
0.792385
0.889601
0.614465
0.665956
0.940558
0.511351
0.002348
0.186923
0.937795
0.751438
0.833292
0.394613
0.138205
0.195748
0.322983
0.401242
0.266043
0.328931
0.779860
0.095784
0.030959
0.569779
0.151567
0.295994
0.731240
0.251971
0.253895
0.649117
0.170392
0.967973
0.303634
0.165424
0.448898
0.979352
0.486013
0.114898
0.402836
0.507064
0.640143
0.870476
0.516471
0.205929
0.809509
0.985993
0.612069
0.194973
0.274447
0.463637
0.045297
0.746311
0.733555
0.420394
0.240269
0.357533
0.832627
0.597131
0.368950
0.064069
0.133065
0.774962
0.703084
0.747732
0.574688
0.844139
0.483811
0.014858
0.306579
0.199424
0.108667
0.242291
0.548424
0.266822
0.524744
0.302491
0.595951
0.269424
0.140676
0.601681
0.718226
0.050251
0.482093
0.608942
0.110199
0.638385
0.571698
0.372225
0.187893
0.787995
0.425762
0.352417
0.850810
0.470180
0.636265
0.642713
0.219493
0.052913
0.217995
0.552024
0.196902
0.978079
0.411554
0.033009
0.739603
0.215851
0.068510
0.333259
0.276012
0.740180
0.429075
0.988400
0.419737
0.085256
0.313978
0.195441
0.219962
0.587477
0.972082
0.181004
0.219545
0.832351
0.488413
0.280367
0.685074
0.767981
0.901152
0.578306
0.489377
0.839338
0.091845
0.530906
0.302194
0.778764
0.394309
0.528968
0.343057
0.562228
0.461724
0.808884
0.914324
0.727535
0.688278
0.037318
0.032212
0.235216
0.804835
0.753555
0.558335
0.336309
0.763887
0.250481
0.480274
0.260152
0.757052
0.405092
0.152073
0.732002
0.931337
0.065891
0.967285
0.422490
0.804099
0.391958
0.759338
0.982215
0.440009
0.681983
0.195854
0.654200
0.518548
0.786681
0.122587
0.929215
0.562654
0.861114
0.614182
0.924496
0.846598
0.571480
0.876839
0.251119
0.085299
0.651349
0.923779
0.980804
0.612772
0.023318
0.488141
0.836466
0.771829
0.322504
0.157530
0.085289
0.001449
0.227425
0.496111
0.496883
0.166233
0.311883
0.578014
0.596312
0.021275
0.358947
0.082425
0.762265
0.045618
0.046443
0.916500
0.229580
0.861751
0.334337
0.335759
0.003836
0.943605
0.610661
0.149788
0.100335
0.610929
0.927215
0.838602
0.412739
0.426371
0.363146
0.095077
0.195777
0.018925
0.467899
0.362444
0.425231
0.222576
0.770113
0.592301
0.756028
0.864036
0.801425
0.525276
0.030308
0.883581
0.920085
0.938886
0.152295
0.006598
0.265804
0.238926
0.021565
0.381844
0.411760
0.543618
0.242467
0.400241
0.070441
0.653675
0.662309
0.943044
0.565760
0.474358
0.857285
0.171062
0.604030
0.093702
0.421423
0.451445
0.201001
0.688546
0.024264
0.372290
0.881927
0.169311
0.407223
0.968200
0.537739
0.256008
0.771940
0.175332
0.554905
0.850511
0.877495
0.258748
0.141872
0.810265
0.873603
0.067662
0.644348
0.791409
0.736154
0.738149
0.208857
0.797618
0.687528
0.093853
0.443389
0.606008
0.240433
0.912140
0.900669
0.832500
0.329818
0.298093
0.829121
0.113386
0.237224
0.216901
0.895487
0.613096
0.776325
0.304866
0.567955
0.793865
0.123198
0.141962
0.787348
0.403017
0.131710
0.409048
0.064339
0.827652
0.380531
0.658373
0.481799
0.042794
0.226583
0.637478
0.402496
0.123594
0.978550
0.268210
0.273609
0.819217
0.907714
0.991148
0.461461
0.688027
0.151343
0.441680
0.863897
0.291080
0.871709
0.480461
0.345658
0.532380
0.062347
0.814539
0.176567
0.346613
0.659117
0.625597
0.366382
0.073046
0.649160
0.281233
0.467745
0.350919
0.473793
0.809815
0.333995
0.638178
0.505296
0.038098
0.886915
0.230975
0.821447
0.245638
0.976284
0.263439
0.000325
0.706193
0.344799
0.741270
0.571656
0.342124
0.885368
0.432390
0.965830
0.894729
0.270495
0.954917
0.939214
0.946068
0.513681
0.797059
0.181821
0.953802
0.599239
0.233065
0.053566
0.270735
0.388988
0.200377
0.586745
0.209061
0.122165
0.539717
0.239140
0.322841
0.899057
0.514554
0.603924
0.671123
0.150709
0.989557
0.864782
0.291794
0.708501
0.908096
0.228276
0.069033
0.300895
0.943137
0.637057
0.674792
0.113505
0.159045
0.549356
0.069721
0.086474
0.796814
0.510081
0.877173
0.414533
0.543153
0.200252
0.714372
0.924965
0.854038
0.963601
0.649521
0.692783
0.643109
0.816608
0.427825
0.106907
0.310150
0.261422
0.001308
0.213100
0.148528
0.965989
0.438556
0.256203
0.434566
0.443884
0.165452
0.044171
0.346336
0.165074
0.084483
0.818193
0.492258
0.230908
0.778990
0.386282
0.537287
0.540589
0.273807
0.152148
0.810687
0.716288
0.692111
0.527565
0.056750
0.409669
0.320261
0.876178
0.668846
0.719197
0.721143
0.311570
0.926531
0.556280
0.478624
0.215052
0.361858
0.925532
0.220652
0.492184
0.419366
0.262568
0.769007
0.235256
0.877536
0.499524
0.565604
0.376296
0.978884
0.217480
0.097410
0.016629
0.110612
0.675185
0.506661
0.710321
0.005175
0.269742
0.255209
0.006204
0.435828
0.947485
0.889951
0.853552
0.989791
0.618214
0.111699
0.027452
0.762837
0.874764
0.417264
0.899531
0.363826
0.439931
0.201490
0.676867
0.903894
0.176742
0.963410
0.555996
0.208911
0.144556
0.952541
0.129913
0.199535
0.766580
0.464583
0.274660
0.673300
0.413724
0.000755
0.699614
0.867994
0.590803
0.544860
0.333965
0.533886
0.934757
0.393557
0.843635
0.470834
0.667498
0.857558
0.321137
0.849846
0.270387
0.997537
0.699447
0.220286
0.511042
0.583982
0.734284
0.064766
0.619697
0.094202
0.642266
0.593050
0.210745
0.654171
0.230913
0.231464
0.320110
0.973065
0.806692
0.860821
0.791095
0.032570
0.386198
0.257371
0.816334
0.312766
0.990544
0.699555
0.122948
0.846112
0.692472
0.198217
0.479319
0.278580
0.868169
0.997497
0.577816
0.223049
0.930814
0.663877
0.096800
0.558648
0.980538
0.346262
0.821534
0.457898
0.976315
0.342658
0.076720
0.011445
0.540738
0.469755
0.628922
0.521219
0.560467
0.498894
0.405794
0.203430
0.695991
0.022482
0.367667
0.992503
0.507315
0.053637
0.187711
0.878568
0.521151
0.771803
0.847506
0.210262
0.484423
0.519335
0.148941
0.320281
0.683640
0.167952
0.559873
0.805501
0.365358
0.626793
0.844847
0.641672
0.416086
0.701138
0.943560
0.813042
0.887314
0.956340
0.424769
0.271226
0.160458
0.246807
0.203498
0.239780
0.405676
0.264990
0.721989
0.288948
0.006301
0.808162
0.382664
0.309733
0.196715
0.487552
0.122946
0.811814
0.835683
0.679277
0.841173
0.602842
0.940278
0.581993
0.139805
0.327614
0.908782
0.072661
0.032010
0.957799
0.726274
0.488011
0.861459
0.732709
0.476570
0.681894
0.479429
0.318721
0.171874
0.472658
0.490278
0.841922
0.890822
0.482934
0.163903
0.671362
0.010799
0.047961
0.985369
0.307734
0.596766
0.316993
0.096628
0.836559
0.821721
0.462920
0.427879
0.211130
0.339912
0.443352
0.726905
0.166992
0.399698
0.495837
0.099808
0.067915
0.896204
0.302272
0.967357
0.127864
0.642770
0.902861
0.425054
0.631987
0.643369
0.186132
0.044768
0.332942
0.725196
0.414735
0.859876
0.671030
0.331431
0.381220
0.088443
0.854484
0.759547
0.616135
0.539690
0.840246
0.481593
0.613094
0.353328
0.528865
0.111722
0.390613
0.990090
0.886228
0.945276
0.305163
0.241757
0.539326
0.026155
0.869035
0.492211
0.675752
0.288867
0.243206
0.835501
0.773046
0.242881
0.980546
0.756038
0.963211
0.834763
0.727734
0.478946
0.321855
0.843805
0.772484
0.399961
0.385619
0.385611
0.191671
0.064539
0.024176
0.652404
0.639273
0.360905
0.905545
0.886169
0.562536
0.063259
0.130401
0.129299
0.480230
0.766531
0.810045
0.535981
0.356359
0.015721
0.014696
0.855503
0.592353
0.989521
0.417604
0.156150
0.604784
0.153624
0.353304
0.375850
0.796521
0.573687
0.845279
0.934730
0.237353
0.056601
0.342757
0.387012
0.894191
0.472579
0.544704
0.027821
0.467699
0.766128
0.340938
0.997655
0.056551
0.573556
0.828291
0.877244
0.065393
0.576008
0.779808
0.062746
0.159218
0.793697
0.275930
0.520706
0.134450
0.798055
0.320626
0.399631
0.392954
0.128718
0.737653
0.616640
0.165004
0.161920
0.000857
0.030464
0.704517
0.911967
0.629212
0.383473
0.676413
0.149650
0.556503
0.463711
0.751623
0.197876
0.355181
0.161846
0.728083
0.488391
0.194431
0.426854
0.092158
0.622648
0.988166
0.848339
0.938529
0.228747
0.836331
0.393120
0.270137
0.314743
0.782867
0.020572
0.423727
0.321683
0.259263
0.706937
0.309543
0.428668
0.710239
0.176071
0.242550
0.373432
0.617320
0.106012
0.882088
0.657816
0.959615
0.141067
0.520090
0.305744
0.544751
0.962310
0.076026
0.645580
0.275684
0.370481
0.408947
0.977890
0.412973
0.619911
0.260573
0.558682
0.072338
0.556571
0.444037
0.437213
0.342199
0.794616
0.014099
0.212640
0.496903
0.691320
0.648267
0.356597
0.252992
0.118326
0.464139
0.046528
0.005928
0.486381
0.954397
0.390088
0.583889
0.560668
0.673422
0.932650
0.557676
0.844478
0.122710
0.632006
0.298270
0.640969
0.898468
0.276485
0.226636
0.897415
0.354567
0.100221
0.457012
0.055612
0.645978
0.113231
0.901831
0.978403
0.228724
0.180892
